Inference for Bugs model at "/home/kubo/public_html/stat/iwanami/fig/hbm/model.bug.txt", fit using WinBUGS,
 3 chains, each with 2100 iterations (first 100 discarded), n.thin = 5
 n.sims = 1200 iterations saved
            mean     sd    2.5%     25%     50%     75%   97.5%  Rhat n.eff
tau        0.117  0.029   0.071   0.096   0.113   0.133   0.184 1.001  1200
beta      -0.002  0.347  -0.699  -0.228  -0.011   0.242   0.657 1.005   580
r[1]      -3.841  1.765  -7.834  -4.858  -3.641  -2.564  -0.954 1.002   860
r[2]      -1.195  0.901  -3.086  -1.759  -1.151  -0.577   0.458 1.004   450
r[3]       2.094  1.154   0.152   1.309   1.985   2.760   4.702 1.003   600
r[4]       3.900  1.747   1.158   2.640   3.697   4.847   8.136 1.001  1200
r[5]      -2.032  1.074  -4.359  -2.669  -1.914  -1.280  -0.202 1.000  1200
r[6]       2.038  1.121   0.156   1.284   1.914   2.735   4.453 1.001  1200
r[7]       3.718  1.702   1.082   2.514   3.476   4.714   7.793 1.003   670
r[8]       3.742  1.681   1.110   2.558   3.495   4.704   7.642 1.008  1200
r[9]      -2.003  1.104  -4.393  -2.653  -1.920  -1.290  -0.011 1.001  1200
r[10]     -2.069  1.102  -4.475  -2.729  -1.984  -1.286  -0.183 1.003   770
r[11]      0.024  0.803  -1.503  -0.542   0.007   0.565   1.624 1.001  1200
r[12]     -3.828  1.761  -7.740  -4.869  -3.571  -2.512  -1.129 1.003   610
r[13]     -1.983  1.069  -4.416  -2.635  -1.881  -1.233  -0.160 1.001  1200
r[14]      0.000  0.824  -1.638  -0.528   0.004   0.530   1.655 1.001  1200
r[15]      2.041  1.101   0.121   1.241   1.974   2.712   4.420 1.001  1200
r[16]      3.791  1.712   1.055   2.584   3.579   4.773   7.866 1.000  1200
r[17]      2.028  1.126   0.153   1.214   1.923   2.759   4.520 1.001  1200
r[18]     -3.782  1.765  -7.950  -4.762  -3.595  -2.511  -1.026 1.005   370
r[19]     -1.167  0.897  -3.039  -1.734  -1.160  -0.534   0.528 1.002  1200
r[20]     -1.128  0.897  -3.065  -1.696  -1.111  -0.499   0.560 1.006   310
r[21]     -1.981  1.072  -4.291  -2.663  -1.917  -1.248   0.024 1.000  1200
r[22]     -2.012  1.103  -4.600  -2.635  -1.908  -1.267  -0.146 1.001  1200
r[23]      0.574  0.822  -0.970  -0.006   0.568   1.127   2.272 1.006   490
r[24]      2.017  1.112   0.071   1.258   1.946   2.659   4.578 1.001  1200
r[25]      3.777  1.769   1.068   2.576   3.507   4.745   8.100 1.000  1200
r[26]     -0.538  0.840  -2.208  -1.099  -0.523   0.040   1.040 1.001  1200
r[27]      3.652  1.625   1.014   2.476   3.447   4.650   7.196 1.001  1200
r[28]     -0.009  0.798  -1.618  -0.544   0.004   0.515   1.594 1.004   460
r[29]      1.112  0.907  -0.572   0.507   1.090   1.682   2.967 1.004   520
r[30]     -3.881  1.834  -7.950  -4.994  -3.615  -2.516  -1.096 1.006   550
r[31]      3.854  1.818   1.113   2.530   3.631   4.831   8.068 1.001  1200
r[32]      2.065  1.136   0.118   1.284   1.944   2.737   4.612 1.002  1200
r[33]      3.774  1.731   1.136   2.557   3.492   4.748   8.005 1.002  1200
r[34]     -3.695  1.696  -7.474  -4.633  -3.542  -2.441  -1.082 1.003   540
r[35]     -1.115  0.909  -3.039  -1.670  -1.038  -0.509   0.538 1.001  1200
r[36]      1.183  0.938  -0.390   0.544   1.141   1.726   3.217 1.001  1200
r[37]      2.026  1.132   0.092   1.233   1.933   2.696   4.653 1.000  1200
r[38]      3.703  1.655   0.980   2.503   3.538   4.730   7.410 1.008   270
r[39]     -1.187  0.915  -3.048  -1.760  -1.140  -0.545   0.403 1.001  1200
r[40]     -2.017  1.065  -4.380  -2.668  -1.960  -1.265  -0.126 1.006   480
r[41]     -2.038  1.123  -4.412  -2.711  -1.948  -1.270  -0.139 1.000  1200
r[42]     -3.847  1.780  -7.977  -4.865  -3.611  -2.519  -1.046 1.005   360
r[43]     -3.774  1.750  -7.740  -4.817  -3.546  -2.546  -0.987 1.000  1200
r[44]      2.001  1.082   0.071   1.225   1.942   2.651   4.339 1.000  1200
r[45]      3.829  1.778   1.026   2.570   3.568   4.807   8.040 1.001  1200
r[46]      0.522  0.798  -0.904  -0.012   0.482   1.025   2.254 1.002   730
r[47]      2.029  1.109   0.136   1.254   1.934   2.716   4.544 1.002  1200
r[48]     -1.118  0.924  -2.982  -1.719  -1.118  -0.482   0.565 1.002  1200
r[49]      3.717  1.656   1.151   2.507   3.513   4.662   7.550 1.004  1200
r[50]     -2.039  1.084  -4.427  -2.740  -1.914  -1.303  -0.149 1.000  1200
r[51]      0.556  0.811  -1.000   0.009   0.527   1.083   2.208 1.003   720
r[52]      1.956  1.039   0.107   1.249   1.894   2.559   4.186 1.003   550
r[53]     -0.570  0.815  -2.226  -1.104  -0.513  -0.032   1.051 1.001  1200
r[54]      3.734  1.713   1.066   2.504   3.499   4.757   7.871 1.002   990
r[55]     -3.828  1.798  -8.017  -4.853  -3.597  -2.535  -0.939 1.000  1200
r[56]      3.820  1.833   1.015   2.546   3.588   4.789   8.249 1.000  1200
r[57]      1.165  0.912  -0.515   0.547   1.147   1.729   3.017 1.003   720
r[58]     -0.498  0.820  -2.218  -1.018  -0.444   0.053   1.017 1.005   450
r[59]     -1.155  0.883  -3.114  -1.702  -1.115  -0.542   0.409 1.000  1200
r[60]     -3.824  1.797  -8.061  -4.894  -3.569  -2.535  -0.910 1.003  1200
r[61]     -3.784  1.775  -7.652  -4.759  -3.558  -2.543  -0.949 1.002  1200
r[62]     -2.051  1.111  -4.652  -2.718  -1.940  -1.302  -0.069 1.006   340
r[63]     -1.207  0.880  -3.063  -1.721  -1.143  -0.610   0.376 1.002   850
r[64]      3.809  1.742   1.045   2.505   3.590   4.835   7.748 1.003  1200
r[65]      2.035  1.117   0.118   1.264   1.936   2.673   4.657 1.003   740
r[66]      2.033  1.093   0.094   1.263   1.945   2.713   4.420 1.003   600
r[67]      2.067  1.091   0.204   1.285   1.944   2.692   4.572 1.000  1200
r[68]      3.719  1.665   0.996   2.529   3.528   4.713   7.588 1.003   650
r[69]     -3.903  1.798  -8.081  -4.941  -3.632  -2.628  -1.121 1.006   340
r[70]     -3.702  1.724  -7.864  -4.632  -3.473  -2.497  -1.000 1.005  1200
r[71]     -3.810  1.747  -7.891  -4.778  -3.612  -2.587  -1.037 1.001  1200
r[72]      0.552  0.820  -1.004  -0.006   0.542   1.103   2.180 1.001  1200
r[73]     -1.974  1.066  -4.347  -2.607  -1.856  -1.253  -0.174 1.000  1200
r[74]     -3.796  1.708  -7.732  -4.797  -3.621  -2.554  -1.017 1.003  1100
r[75]     -3.763  1.719  -7.633  -4.809  -3.520  -2.502  -0.951 1.002   750
r[76]     -3.772  1.760  -8.032  -4.691  -3.477  -2.557  -1.065 1.001  1200
r[77]      3.708  1.776   0.936   2.469   3.476   4.715   7.893 1.002  1200
r[78]     -2.020  1.075  -4.320  -2.709  -1.972  -1.252  -0.139 1.001  1200
r[79]      3.780  1.774   1.038   2.576   3.519   4.716   7.996 1.003   770
r[80]     -0.022  0.826  -1.586  -0.573  -0.048   0.536   1.630 1.004   450
r[81]      2.084  1.082   0.250   1.328   1.964   2.756   4.401 1.003  1100
r[82]     -1.188  0.900  -3.162  -1.752  -1.127  -0.604   0.386 1.001  1200
r[83]     -2.062  1.106  -4.575  -2.724  -1.956  -1.280  -0.157 1.003   640
r[84]      0.038  0.792  -1.496  -0.524   0.041   0.605   1.565 1.004   550
r[85]      2.032  1.090   0.124   1.305   1.934   2.669   4.358 1.001  1200
r[86]     -3.832  1.705  -7.673  -4.836  -3.619  -2.624  -1.035 1.000  1200
r[87]      3.767  1.775   1.081   2.440   3.510   4.762   7.806 1.001  1200
r[88]     -2.027  1.082  -4.331  -2.704  -1.953  -1.282  -0.078 1.004   770
r[89]      3.775  1.722   1.006   2.586   3.543   4.708   7.828 1.000  1200
r[90]      2.006  1.160   0.051   1.240   1.876   2.674   4.596 1.000  1200
r[91]      1.131  0.897  -0.492   0.502   1.090   1.708   3.078 1.002  1000
r[92]     -1.195  0.901  -3.016  -1.773  -1.176  -0.544   0.474 1.002  1200
r[93]      3.881  1.746   1.071   2.686   3.696   4.841   7.783 1.000  1200
r[94]      1.117  0.881  -0.601   0.518   1.105   1.672   3.014 1.005   750
r[95]      1.200  0.916  -0.450   0.594   1.149   1.797   3.133 1.003   630
r[96]     -2.062  1.110  -4.447  -2.751  -1.942  -1.272  -0.247 1.001  1200
r[97]     -3.723  1.682  -7.454  -4.750  -3.464  -2.562  -0.957 1.004   460
r[98]      0.008  0.809  -1.511  -0.522  -0.025   0.555   1.620 1.002   990
r[99]      2.021  1.113   0.052   1.235   1.920   2.723   4.508 1.003   720
r[100]    -3.738  1.783  -7.781  -4.779  -3.478  -2.420  -0.975 1.000  1200
s          2.991  0.363   2.331   2.741   2.968   3.220   3.749 1.001  1200
q[1]       0.053  0.070   0.000   0.008   0.026   0.070   0.265 1.001  1200
q[2]       0.261  0.142   0.044   0.152   0.244   0.351   0.591 1.004   560
q[3]       0.850  0.115   0.562   0.793   0.875   0.938   0.991 1.008   500
q[4]       0.950  0.064   0.760   0.933   0.975   0.992   1.000 1.002  1200
q[5]       0.152  0.111   0.013   0.066   0.126   0.211   0.420 1.000  1200
q[6]       0.845  0.116   0.572   0.784   0.871   0.935   0.990 1.002  1200
q[7]       0.945  0.067   0.768   0.923   0.969   0.991   1.000 1.001  1200
q[8]       0.947  0.065   0.769   0.930   0.971   0.991   1.000 1.011   710
q[9]       0.157  0.116   0.013   0.066   0.130   0.221   0.457 1.002  1200
q[10]      0.150  0.112   0.011   0.063   0.121   0.217   0.422 1.002  1200
q[11]      0.504  0.166   0.198   0.373   0.507   0.629   0.822 1.004   780
q[12]      0.053  0.067   0.000   0.008   0.027   0.071   0.236 1.002   890
q[13]      0.157  0.112   0.013   0.071   0.133   0.215   0.420 1.000  1200
q[14]      0.500  0.169   0.174   0.380   0.504   0.625   0.812 1.003  1200
q[15]      0.847  0.115   0.552   0.780   0.875   0.935   0.988 1.004   800
q[16]      0.947  0.066   0.756   0.927   0.972   0.991   1.000 1.001  1200
q[17]      0.845  0.116   0.555   0.778   0.875   0.937   0.987 1.000  1200
q[18]      0.054  0.067   0.000   0.009   0.027   0.075   0.245 1.004   510
q[19]      0.265  0.142   0.052   0.155   0.246   0.355   0.577 1.000  1200
q[20]      0.272  0.145   0.050   0.159   0.251   0.369   0.596 1.006   450
q[21]      0.159  0.122   0.015   0.066   0.128   0.221   0.457 1.001  1200
q[22]      0.155  0.114   0.012   0.069   0.128   0.215   0.430 1.001  1200
q[23]      0.623  0.156   0.310   0.512   0.640   0.741   0.901 1.005   510
q[24]      0.844  0.118   0.547   0.786   0.870   0.931   0.988 1.001  1200
q[25]      0.945  0.068   0.746   0.923   0.970   0.992   1.000 1.000  1200
q[26]      0.383  0.161   0.106   0.263   0.372   0.497   0.711 1.000  1200
q[27]      0.942  0.071   0.736   0.919   0.969   0.991   0.999 1.001  1200
q[28]      0.498  0.162   0.191   0.381   0.497   0.619   0.811 1.004   640
q[29]      0.724  0.146   0.410   0.632   0.740   0.835   0.946 1.003   750
q[30]      0.053  0.070   0.000   0.007   0.026   0.069   0.248 1.006   730
q[31]      0.946  0.071   0.751   0.927   0.973   0.992   1.000 1.000  1200
q[32]      0.848  0.117   0.552   0.784   0.874   0.935   0.990 1.012   580
q[33]      0.947  0.066   0.756   0.929   0.970   0.991   1.000 1.007   990
q[34]      0.056  0.070   0.001   0.010   0.030   0.076   0.253 1.003   840
q[35]      0.275  0.146   0.051   0.163   0.253   0.367   0.595 1.002   810
q[36]      0.734  0.146   0.415   0.641   0.750   0.847   0.958 1.002   920
q[37]      0.844  0.116   0.542   0.781   0.868   0.934   0.989 1.001  1200
q[38]      0.944  0.071   0.751   0.924   0.971   0.991   0.999 1.009  1100
q[39]      0.263  0.142   0.049   0.153   0.248   0.353   0.575 1.002  1200
q[40]      0.154  0.114   0.013   0.067   0.129   0.213   0.436 1.005   590
q[41]      0.153  0.113   0.012   0.065   0.130   0.214   0.429 1.001  1200
q[42]      0.053  0.068   0.000   0.007   0.027   0.070   0.230 1.004   470
q[43]      0.054  0.069   0.000   0.008   0.028   0.072   0.242 1.000  1200
q[44]      0.843  0.117   0.550   0.780   0.873   0.934   0.986 1.001  1200
q[45]      0.948  0.066   0.751   0.929   0.972   0.992   1.000 1.000  1200
q[46]      0.613  0.157   0.292   0.509   0.620   0.725   0.883 1.001  1200
q[47]      0.845  0.115   0.570   0.782   0.875   0.933   0.989 1.002  1200
q[48]      0.275  0.149   0.056   0.159   0.252   0.373   0.593 1.003  1200
q[49]      0.946  0.065   0.770   0.925   0.972   0.990   0.999 1.003  1200
q[50]      0.153  0.114   0.013   0.065   0.126   0.212   0.427 1.000  1200
q[51]      0.620  0.156   0.296   0.512   0.631   0.734   0.891 1.001  1200
q[52]      0.841  0.113   0.570   0.783   0.865   0.927   0.985 1.011   450
q[53]      0.376  0.156   0.112   0.261   0.365   0.484   0.703 1.001  1200
q[54]      0.945  0.068   0.742   0.923   0.970   0.991   1.000 1.002  1200
q[55]      0.055  0.073   0.000   0.008   0.027   0.070   0.275 1.000  1200
q[56]      0.945  0.072   0.748   0.927   0.972   0.992   1.000 1.018  1200
q[57]      0.733  0.146   0.390   0.644   0.754   0.840   0.957 1.003  1200
q[58]      0.393  0.159   0.105   0.274   0.390   0.503   0.703 1.008   600
q[59]      0.267  0.142   0.053   0.156   0.247   0.364   0.597 1.000  1200
q[60]      0.054  0.071   0.000   0.008   0.027   0.073   0.272 1.003  1200
q[61]      0.054  0.071   0.000   0.009   0.028   0.071   0.257 1.002  1200
q[62]      0.152  0.116   0.012   0.065   0.122   0.213   0.440 1.004   440
q[63]      0.257  0.136   0.049   0.155   0.239   0.342   0.574 1.001  1200
q[64]      0.947  0.066   0.765   0.927   0.973   0.992   1.000 1.009  1200
q[65]      0.846  0.114   0.542   0.786   0.870   0.932   0.990 1.003   850
q[66]      0.847  0.114   0.556   0.782   0.872   0.933   0.989 1.001  1200
q[67]      0.850  0.111   0.568   0.793   0.874   0.935   0.989 1.004  1200
q[68]      0.946  0.068   0.749   0.927   0.970   0.991   1.000 1.011   860
q[69]      0.050  0.065   0.000   0.007   0.025   0.068   0.247 1.006   320
q[70]      0.057  0.069   0.000   0.010   0.030   0.079   0.259 1.004  1200
q[71]      0.053  0.069   0.000   0.008   0.027   0.069   0.252 1.001  1200
q[72]      0.619  0.162   0.288   0.503   0.631   0.745   0.887 1.002  1200
q[73]      0.156  0.111   0.015   0.074   0.133   0.221   0.431 1.001  1200
q[74]      0.054  0.068   0.000   0.008   0.028   0.074   0.245 1.003   880
q[75]      0.055  0.072   0.001   0.008   0.029   0.078   0.256 1.002  1200
q[76]      0.054  0.068   0.000   0.009   0.029   0.072   0.244 1.001  1200
q[77]      0.941  0.073   0.732   0.919   0.970   0.991   1.000 1.000  1200
q[78]      0.154  0.113   0.014   0.064   0.125   0.220   0.426 1.002  1200
q[79]      0.945  0.070   0.754   0.928   0.970   0.992   1.000 1.011  1100
q[80]      0.495  0.169   0.186   0.371   0.494   0.619   0.814 1.004   470
q[81]      0.853  0.110   0.583   0.795   0.878   0.939   0.988 1.001  1200
q[82]      0.261  0.140   0.043   0.157   0.241   0.344   0.574 1.002  1200
q[83]      0.150  0.112   0.011   0.062   0.124   0.215   0.417 1.004   460
q[84]      0.509  0.162   0.199   0.388   0.509   0.635   0.805 1.010   300
q[85]      0.846  0.114   0.565   0.787   0.873   0.933   0.988 1.000  1200
q[86]      0.051  0.068   0.000   0.008   0.026   0.069   0.232 1.000  1200
q[87]      0.944  0.069   0.760   0.922   0.970   0.992   1.000 1.015  1000
q[88]      0.155  0.118   0.014   0.062   0.126   0.216   0.453 1.003  1200
q[89]      0.947  0.068   0.739   0.928   0.972   0.991   1.000 1.002  1200
q[90]      0.840  0.120   0.545   0.776   0.868   0.933   0.990 1.000  1200
q[91]      0.727  0.145   0.422   0.633   0.748   0.837   0.949 1.001  1200
q[92]      0.261  0.141   0.050   0.149   0.242   0.355   0.563 1.002  1200
q[93]      0.950  0.065   0.760   0.933   0.975   0.992   1.000 1.000  1200
q[94]      0.727  0.145   0.388   0.641   0.751   0.832   0.944 1.001  1200
q[95]      0.739  0.143   0.408   0.653   0.763   0.847   0.950 1.001  1200
q[96]      0.152  0.112   0.011   0.061   0.127   0.219   0.416 1.002   900
q[97]      0.055  0.069   0.000   0.009   0.031   0.071   0.261 1.003   700
q[98]      0.502  0.162   0.191   0.389   0.502   0.622   0.812 1.006  1200
q[99]      0.844  0.116   0.563   0.775   0.873   0.936   0.989 1.003  1200
q[100]     0.057  0.072   0.000   0.008   0.030   0.081   0.255 1.001  1200
deviance 224.005 13.711 200.995 214.575 223.300 232.500 253.100 1.001  1200

For each parameter, n.eff is a crude measure of effective sample size,
and Rhat is the potential scale reduction factor (at convergence, Rhat=1).

DIC info (using the rule, pD = Dbar-Dhat)
pD = 79.1 and DIC = 303.1
DIC is an estimate of expected predictive error (lower deviance is better).
